{
 "cells": [
  {
   "cell_type": "code",
   "execution_count": 53,
   "id": "0955f058-c694-4a12-a319-7674c069c80c",
   "metadata": {},
   "outputs": [],
   "source": [
    "from pathlib import Path\n",
    "import pandas as pd\n",
    "import numpy as np\n",
    "import matplotlib.pyplot as plt\n",
    "import seaborn as sns\n",
    "\n",
    "curdir = Path('./')"
   ]
  },
  {
   "cell_type": "code",
   "execution_count": 54,
   "id": "284d3538-9ba3-4efb-90b9-ec463366a802",
   "metadata": {},
   "outputs": [
    {
     "name": "stdout",
     "output_type": "stream",
     "text": [
      "   action_accuracy  action_perplexity  attribute_accuracy  \\\n",
      "0         0.853993           4.398207            0.792229   \n",
      "0         0.844914           4.029370            0.764062   \n",
      "0         0.849917           4.982141            0.784690   \n",
      "0         0.854549           4.531001            0.800184   \n",
      "0         0.857143           4.570284            0.795883   \n",
      "0         0.856587           4.340371            0.790465   \n",
      "0         0.853437           4.402912            0.794786   \n",
      "0         0.855290           4.365465            0.797576   \n",
      "0         0.854178           4.380371            0.789539   \n",
      "0         0.855661           4.323701            0.789262   \n",
      "0         0.853993           4.450030            0.798850   \n",
      "0         0.851584           4.428542            0.793953   \n",
      "0         0.856587           4.399322            0.801858   \n",
      "0         0.846952           5.993121            0.791954   \n",
      "0         0.852325           4.605227            0.785384   \n",
      "\n",
      "                                    confusion_matrix  \\\n",
      "0  [[725.0, 49.0, 13.0, 5.0, 9.0], [38.0, 1054.0,...   \n",
      "0  [[747.0, 50.0, 15.0, 3.0, 16.0], [28.0, 1076.0...   \n",
      "0  [[746.0, 49.0, 10.0, 4.0, 12.0], [29.0, 1047.0...   \n",
      "0  [[743.0, 50.0, 13.0, 4.0, 14.0], [25.0, 1037.0...   \n",
      "0  [[743.0, 52.0, 6.0, 4.0, 18.0], [28.0, 1039.0,...   \n",
      "0  [[743.0, 47.0, 11.0, 2.0, 14.0], [29.0, 1054.0...   \n",
      "0  [[752.0, 52.0, 9.0, 3.0, 14.0], [23.0, 1031.0,...   \n",
      "0  [[742.0, 46.0, 6.0, 3.0, 14.0], [27.0, 1039.0,...   \n",
      "0  [[743.0, 47.0, 10.0, 3.0, 16.0], [28.0, 1049.0...   \n",
      "0  [[740.0, 42.0, 9.0, 2.0, 10.0], [33.0, 1056.0,...   \n",
      "0  [[752.0, 52.0, 12.0, 4.0, 17.0], [26.0, 1027.0...   \n",
      "0  [[730.0, 43.0, 8.0, 3.0, 10.0], [41.0, 1052.0,...   \n",
      "0  [[746.0, 49.0, 7.0, 4.0, 11.0], [25.0, 1028.0,...   \n",
      "0  [[739.0, 51.0, 9.0, 6.0, 11.0], [30.0, 1022.0,...   \n",
      "0  [[743.0, 43.0, 13.0, 3.0, 15.0], [31.0, 1045.0...   \n",
      "\n",
      "                                           category              filename  \\\n",
      "0  B12-E6-H768-LR 5e-05 - eps 1e-08 - ACT - softmax  eval-20210828-150402   \n",
      "0  B12-E6-H768-LR 5e-05 - eps 1e-08 - ACT - softmax  eval-20210828-230723   \n",
      "0  B12-E6-H768-LR 5e-05 - eps 1e-08 - ACT - softmax  eval-20210828-185724   \n",
      "0  B12-E6-H768-LR 5e-05 - eps 1e-08 - ACT - softmax  eval-20210828-203152   \n",
      "0  B12-E6-H768-LR 5e-05 - eps 1e-08 - ACT - softmax  eval-20210829-005150   \n",
      "0  B12-E6-H768-LR 5e-05 - eps 1e-08 - ACT - softmax  eval-20210829-020150   \n",
      "0  B12-E6-H768-LR 5e-05 - eps 1e-08 - ACT - softmax  eval-20210828-205725   \n",
      "0  B12-E6-H768-LR 5e-05 - eps 1e-08 - ACT - softmax  eval-20210828-173521   \n",
      "0  B12-E6-H768-LR 5e-05 - eps 1e-08 - ACT - softmax  eval-20210828-224851   \n",
      "0  B12-E6-H768-LR 5e-05 - eps 1e-08 - ACT - softmax  eval-20210829-095513   \n",
      "0  B12-E6-H768-LR 5e-05 - eps 1e-08 - ACT - softmax  eval-20210828-135516   \n",
      "0  B12-E6-H768-LR 5e-05 - eps 1e-08 - ACT - softmax  eval-20210829-085441   \n",
      "0  B12-E6-H768-LR 5e-05 - eps 1e-08 - ACT - softmax  eval-20210829-030215   \n",
      "0  B12-E6-H768-LR 5e-05 - eps 1e-08 - ACT - softmax  eval-20210828-163541   \n",
      "0  B12-E6-H768-LR 5e-05 - eps 1e-08 - ACT - softmax  eval-20210828-153524   \n",
      "\n",
      "                    weights  \n",
      "0        ??, ??, ??, ??, ??  \n",
      "0  1.0, 0.9, 0.85, 3.0, 0.8  \n",
      "0  1.0, 0.9, 0.8, 3.5, 0.75  \n",
      "0  1.0, 0.9, 0.85, 3.0, 0.8  \n",
      "0  1.0, 0.9, 0.85, 3.0, 0.8  \n",
      "0  1.0, 0.9, 0.85, 3.0, 0.8  \n",
      "0        ??, ??, ??, ??, ??  \n",
      "0  1.0, 0.9, 0.85, 3.0, 0.8  \n",
      "0        ??, ??, ??, ??, ??  \n",
      "0  1.0, 0.9, 0.85, 3.0, 0.8  \n",
      "0   1.0, 0.9, 1.0, 3.0, 0.8  \n",
      "0  1.0, 0.9, 0.85, 3.0, 0.8  \n",
      "0  1.0, 0.9, 0.85, 3.0, 0.8  \n",
      "0  1.0, 0.9, 0.95, 2.0, 0.8  \n",
      "0   1.0, 0.9, 1.0, 2.0, 0.8  \n",
      "(15, 7)\n"
     ]
    }
   ],
   "source": [
    "# TEST SET validation data\n",
    "test_validation_data = pd.DataFrame()\n",
    "for f in curdir.glob('eval*'):\n",
    "    filename = f.name\n",
    "    df = pd.read_pickle(f)\n",
    "    df['filename'] = filename\n",
    "    # Parameter configuration (not saved in runs!!)\n",
    "    # The weights are relative to classes in alphabetical order:\n",
    "    # AddToCart, None, SearchDatabase, SearchMemory, SpecifyInfo\n",
    "    if filename[5:]=='20210828-135516':\n",
    "        weights = \"1.0, 0.9, 1.0, 3.0, 0.8\"\n",
    "    elif filename[5:]=='20210828-153524':\n",
    "        weights = \"1.0, 0.9, 1.0, 2.0, 0.8\"\n",
    "    elif filename[5:]=='20210828-163541':\n",
    "        weights = \"1.0, 0.9, 0.95, 2.0, 0.8\"\n",
    "    elif filename[5:]=='20210828-173521':\n",
    "        weights = \"1.0, 0.9, 0.85, 3.0, 0.8\"\n",
    "    elif filename[5:]=='20210828-185724':\n",
    "        weights = \"1.0, 0.9, 0.8, 3.5, 0.75\"\n",
    "    elif filename[5:]=='20210828-150402' or filename[5:]=='20210828-205725' or filename[5:]=='20210828-224851':\n",
    "        weights = \"??, ??, ??, ??, ??\"\n",
    "    else:\n",
    "        weights = \"1.0, 0.9, 0.85, 3.0, 0.8\"\n",
    "    df['weights'] = [weights]    \n",
    "    test_validation_data = pd.concat([test_validation_data, df])\n",
    "print(test_validation_data.head(20))\n",
    "print(test_validation_data.shape)"
   ]
  },
  {
   "cell_type": "code",
   "execution_count": 55,
   "id": "463cc752",
   "metadata": {},
   "outputs": [
    {
     "name": "stdout",
     "output_type": "stream",
     "text": [
      "                0                 filename\n",
      "0       AddToCart  classes-20210829-085441\n",
      "1            None  classes-20210829-085441\n",
      "2  SearchDatabase  classes-20210829-085441\n",
      "3    SearchMemory  classes-20210829-085441\n",
      "4     SpecifyInfo  classes-20210829-085441\n",
      "(75, 2)\n"
     ]
    }
   ],
   "source": [
    "df_classes = pd.DataFrame()\n",
    "for f in curdir.glob('classes*'):\n",
    "    filename = f.name\n",
    "    df = pd.read_pickle(f)\n",
    "    df['filename'] = filename\n",
    "    df_classes = pd.concat([df_classes, df])\n",
    "print(df_classes.head())\n",
    "print(df_classes.shape)"
   ]
  },
  {
   "cell_type": "code",
   "execution_count": 56,
   "id": "671e69f4",
   "metadata": {},
   "outputs": [
    {
     "name": "stdout",
     "output_type": "stream",
     "text": [
      "       Training Loss  Valid. Loss  Valid. Accur. class.  \\\n",
      "epoch                                                     \n",
      "1           1.181306     1.130998              0.836322   \n",
      "2           1.129415     1.120064              0.841731   \n",
      "3           1.108039     1.111577              0.846285   \n",
      "4           1.085227     1.091440              0.858810   \n",
      "5           1.069410     1.085972              0.859379   \n",
      "\n",
      "       Valid. Accur. mult.label Training Time Validation Time  \\\n",
      "epoch                                                           \n",
      "1                      0.904925       0:09:12         0:00:30   \n",
      "2                      0.923427       0:09:15         0:00:30   \n",
      "3                      0.925989       0:09:14         0:00:30   \n",
      "4                      0.939368       0:09:14         0:00:30   \n",
      "5                      0.946769       0:09:14         0:00:30   \n",
      "\n",
      "                                                 metrics  \\\n",
      "epoch                                                      \n",
      "1      {'action_accuracy': 0.8363222317107885, 'actio...   \n",
      "2      {'action_accuracy': 0.8417307144890407, 'actio...   \n",
      "3      {'action_accuracy': 0.8462852263023057, 'actio...   \n",
      "4      {'action_accuracy': 0.8588101337887846, 'actio...   \n",
      "5      {'action_accuracy': 0.8593794477654426, 'actio...   \n",
      "\n",
      "                                               category               filename  \n",
      "epoch                                                                           \n",
      "1      B12-E6-H768-LR 5e-05 - eps 1e-08 - ACT - softmax  stats-20210829-030215  \n",
      "2      B12-E6-H768-LR 5e-05 - eps 1e-08 - ACT - softmax  stats-20210829-030215  \n",
      "3      B12-E6-H768-LR 5e-05 - eps 1e-08 - ACT - softmax  stats-20210829-030215  \n",
      "4      B12-E6-H768-LR 5e-05 - eps 1e-08 - ACT - softmax  stats-20210829-030215  \n",
      "5      B12-E6-H768-LR 5e-05 - eps 1e-08 - ACT - softmax  stats-20210829-030215  \n",
      "(90, 9)\n"
     ]
    }
   ],
   "source": [
    "# Training data statistics\n",
    "training_stat = pd.DataFrame()\n",
    "for f in curdir.glob('stats*'):\n",
    "    filename = f.name\n",
    "    df = pd.read_pickle(f)\n",
    "    df['filename'] = filename\n",
    "    training_stat = pd.concat([training_stat, df])\n",
    "print(training_stat.head())\n",
    "print(training_stat.shape)"
   ]
  },
  {
   "cell_type": "code",
   "execution_count": 57,
   "id": "29433075",
   "metadata": {},
   "outputs": [
    {
     "name": "stdout",
     "output_type": "stream",
     "text": [
      "   epoch  batchnum                                     actions_logits  \\\n",
      "0      1         1  [[2.8968439e-06, 0.00030198833, 2.5595868e-05,...   \n",
      "1      1         2  [[1.0172097e-05, 0.99991214, 4.9763345e-05, 1....   \n",
      "2      1         3  [[8.648221e-06, 0.00016811727, 6.26811e-05, 1....   \n",
      "3      1         4  [[0.999877, 2.7939372e-05, 5.4882443e-05, 2.34...   \n",
      "4      1         5  [[7.313683e-07, 2.1050717e-05, 3.9747406e-06, ...   \n",
      "\n",
      "                         actions_labels  \\\n",
      "0  [1, 4, 2, 4, 0, 1, 1, 4, 4, 0, 1, 2]   \n",
      "1  [1, 4, 2, 2, 0, 1, 2, 1, 1, 1, 1, 4]   \n",
      "2  [4, 1, 1, 1, 4, 2, 1, 2, 0, 1, 1, 1]   \n",
      "3  [0, 0, 1, 2, 0, 1, 4, 4, 0, 1, 1, 4]   \n",
      "4  [1, 4, 2, 4, 0, 3, 1, 1, 2, 4, 1, 1]   \n",
      "\n",
      "                                   attributes_logits  \\\n",
      "0  [[7.9900565e-06, 8.733709e-06, 0.005222038, 0....   \n",
      "1  [[9.605304e-05, 0.0001056691, 0.0032138114, 0....   \n",
      "2  [[8.640665e-05, 4.538203e-05, 0.9122547, 0.000...   \n",
      "3  [[5.4637352e-05, 7.9891135e-05, 0.0027858089, ...   \n",
      "4  [[0.00011458046, 0.00010495571, 0.039281175, 0...   \n",
      "\n",
      "                                   attributes_labels  \\\n",
      "0  [[0, 0, 0, 0, 0, 0, 0, 0, 0, 0, 0, 0, 0, 0, 0,...   \n",
      "1  [[0, 0, 0, 0, 0, 0, 0, 0, 0, 0, 0, 0, 0, 0, 0,...   \n",
      "2  [[0, 0, 1, 0, 0, 0, 0, 0, 0, 0, 0, 0, 0, 0, 0,...   \n",
      "3  [[0, 0, 0, 0, 0, 0, 0, 0, 0, 0, 0, 0, 0, 0, 0,...   \n",
      "4  [[0, 0, 0, 0, 0, 0, 0, 0, 0, 0, 0, 0, 0, 0, 0,...   \n",
      "\n",
      "         accuracy_classification            accuracy_multilabel  \\\n",
      "0  {'matched': 11, 'counts': 12}  {'matched': 11, 'counts': 12}   \n",
      "1   {'matched': 8, 'counts': 12}   {'matched': 9, 'counts': 12}   \n",
      "2   {'matched': 7, 'counts': 12}  {'matched': 11, 'counts': 12}   \n",
      "3   {'matched': 9, 'counts': 12}  {'matched': 10, 'counts': 12}   \n",
      "4   {'matched': 8, 'counts': 12}  {'matched': 12, 'counts': 12}   \n",
      "\n",
      "                                           category                  filename  \n",
      "0  B12-E6-H768-LR 5e-05 - eps 1e-08 - ACT - softmax  testdata-20210828-150402  \n",
      "1  B12-E6-H768-LR 5e-05 - eps 1e-08 - ACT - softmax  testdata-20210828-150402  \n",
      "2  B12-E6-H768-LR 5e-05 - eps 1e-08 - ACT - softmax  testdata-20210828-150402  \n",
      "3  B12-E6-H768-LR 5e-05 - eps 1e-08 - ACT - softmax  testdata-20210828-150402  \n",
      "4  B12-E6-H768-LR 5e-05 - eps 1e-08 - ACT - softmax  testdata-20210828-150402  \n",
      "(26370, 10)\n"
     ]
    }
   ],
   "source": [
    "# Training validazione data\n",
    "validation_data = pd.DataFrame()\n",
    "for f in curdir.glob('testdata*'):\n",
    "    filename = f.name\n",
    "    df = pd.read_pickle(f)\n",
    "    df['filename'] = filename\n",
    "    validation_data = pd.concat([validation_data, df])\n",
    "print(validation_data.head())\n",
    "print(validation_data.shape)"
   ]
  },
  {
   "cell_type": "code",
   "execution_count": 65,
   "id": "23769d02-103d-435b-a4a3-311378f91f6c",
   "metadata": {},
   "outputs": [
    {
     "name": "stdout",
     "output_type": "stream",
     "text": [
      "(8, 7)\n",
      "MAX action accuracy: 0.8571428571428571, MAX attribute accuracy: 0.8018583177261083\n",
      "   action_accuracy  action_perplexity  attribute_accuracy  \\\n",
      "0         0.844914           4.029370            0.764062   \n",
      "0         0.854549           4.531001            0.800184   \n",
      "0         0.857143           4.570284            0.795883   \n",
      "0         0.856587           4.340371            0.790465   \n",
      "0         0.855290           4.365465            0.797576   \n",
      "0         0.855661           4.323701            0.789262   \n",
      "0         0.851584           4.428542            0.793953   \n",
      "0         0.856587           4.399322            0.801858   \n",
      "\n",
      "                                    confusion_matrix  \\\n",
      "0  [[747.0, 50.0, 15.0, 3.0, 16.0], [28.0, 1076.0...   \n",
      "0  [[743.0, 50.0, 13.0, 4.0, 14.0], [25.0, 1037.0...   \n",
      "0  [[743.0, 52.0, 6.0, 4.0, 18.0], [28.0, 1039.0,...   \n",
      "0  [[743.0, 47.0, 11.0, 2.0, 14.0], [29.0, 1054.0...   \n",
      "0  [[742.0, 46.0, 6.0, 3.0, 14.0], [27.0, 1039.0,...   \n",
      "0  [[740.0, 42.0, 9.0, 2.0, 10.0], [33.0, 1056.0,...   \n",
      "0  [[730.0, 43.0, 8.0, 3.0, 10.0], [41.0, 1052.0,...   \n",
      "0  [[746.0, 49.0, 7.0, 4.0, 11.0], [25.0, 1028.0,...   \n",
      "\n",
      "                                           category              filename  \\\n",
      "0  B12-E6-H768-LR 5e-05 - eps 1e-08 - ACT - softmax  eval-20210828-230723   \n",
      "0  B12-E6-H768-LR 5e-05 - eps 1e-08 - ACT - softmax  eval-20210828-203152   \n",
      "0  B12-E6-H768-LR 5e-05 - eps 1e-08 - ACT - softmax  eval-20210829-005150   \n",
      "0  B12-E6-H768-LR 5e-05 - eps 1e-08 - ACT - softmax  eval-20210829-020150   \n",
      "0  B12-E6-H768-LR 5e-05 - eps 1e-08 - ACT - softmax  eval-20210828-173521   \n",
      "0  B12-E6-H768-LR 5e-05 - eps 1e-08 - ACT - softmax  eval-20210829-095513   \n",
      "0  B12-E6-H768-LR 5e-05 - eps 1e-08 - ACT - softmax  eval-20210829-085441   \n",
      "0  B12-E6-H768-LR 5e-05 - eps 1e-08 - ACT - softmax  eval-20210829-030215   \n",
      "\n",
      "                    weights  \n",
      "0  1.0, 0.9, 0.85, 3.0, 0.8  \n",
      "0  1.0, 0.9, 0.85, 3.0, 0.8  \n",
      "0  1.0, 0.9, 0.85, 3.0, 0.8  \n",
      "0  1.0, 0.9, 0.85, 3.0, 0.8  \n",
      "0  1.0, 0.9, 0.85, 3.0, 0.8  \n",
      "0  1.0, 0.9, 0.85, 3.0, 0.8  \n",
      "0  1.0, 0.9, 0.85, 3.0, 0.8  \n",
      "0  1.0, 0.9, 0.85, 3.0, 0.8  \n",
      "Action accuracy order\n",
      "   action_accuracy  action_perplexity  attribute_accuracy  \\\n",
      "0         0.857143           4.570284            0.795883   \n",
      "0         0.856587           4.340371            0.790465   \n",
      "0         0.856587           4.399322            0.801858   \n",
      "0         0.855661           4.323701            0.789262   \n",
      "0         0.855290           4.365465            0.797576   \n",
      "0         0.854549           4.531001            0.800184   \n",
      "0         0.851584           4.428542            0.793953   \n",
      "0         0.844914           4.029370            0.764062   \n",
      "\n",
      "                                    confusion_matrix  \\\n",
      "0  [[743.0, 52.0, 6.0, 4.0, 18.0], [28.0, 1039.0,...   \n",
      "0  [[743.0, 47.0, 11.0, 2.0, 14.0], [29.0, 1054.0...   \n",
      "0  [[746.0, 49.0, 7.0, 4.0, 11.0], [25.0, 1028.0,...   \n",
      "0  [[740.0, 42.0, 9.0, 2.0, 10.0], [33.0, 1056.0,...   \n",
      "0  [[742.0, 46.0, 6.0, 3.0, 14.0], [27.0, 1039.0,...   \n",
      "0  [[743.0, 50.0, 13.0, 4.0, 14.0], [25.0, 1037.0...   \n",
      "0  [[730.0, 43.0, 8.0, 3.0, 10.0], [41.0, 1052.0,...   \n",
      "0  [[747.0, 50.0, 15.0, 3.0, 16.0], [28.0, 1076.0...   \n",
      "\n",
      "                                           category              filename  \\\n",
      "0  B12-E6-H768-LR 5e-05 - eps 1e-08 - ACT - softmax  eval-20210829-005150   \n",
      "0  B12-E6-H768-LR 5e-05 - eps 1e-08 - ACT - softmax  eval-20210829-020150   \n",
      "0  B12-E6-H768-LR 5e-05 - eps 1e-08 - ACT - softmax  eval-20210829-030215   \n",
      "0  B12-E6-H768-LR 5e-05 - eps 1e-08 - ACT - softmax  eval-20210829-095513   \n",
      "0  B12-E6-H768-LR 5e-05 - eps 1e-08 - ACT - softmax  eval-20210828-173521   \n",
      "0  B12-E6-H768-LR 5e-05 - eps 1e-08 - ACT - softmax  eval-20210828-203152   \n",
      "0  B12-E6-H768-LR 5e-05 - eps 1e-08 - ACT - softmax  eval-20210829-085441   \n",
      "0  B12-E6-H768-LR 5e-05 - eps 1e-08 - ACT - softmax  eval-20210828-230723   \n",
      "\n",
      "                    weights  \n",
      "0  1.0, 0.9, 0.85, 3.0, 0.8  \n",
      "0  1.0, 0.9, 0.85, 3.0, 0.8  \n",
      "0  1.0, 0.9, 0.85, 3.0, 0.8  \n",
      "0  1.0, 0.9, 0.85, 3.0, 0.8  \n",
      "0  1.0, 0.9, 0.85, 3.0, 0.8  \n",
      "0  1.0, 0.9, 0.85, 3.0, 0.8  \n",
      "0  1.0, 0.9, 0.85, 3.0, 0.8  \n",
      "0  1.0, 0.9, 0.85, 3.0, 0.8  \n",
      "Attribute accuracy order\n",
      "   action_accuracy  action_perplexity  attribute_accuracy  \\\n",
      "0         0.856587           4.399322            0.801858   \n",
      "0         0.854549           4.531001            0.800184   \n",
      "0         0.855290           4.365465            0.797576   \n",
      "0         0.857143           4.570284            0.795883   \n",
      "0         0.851584           4.428542            0.793953   \n",
      "0         0.856587           4.340371            0.790465   \n",
      "0         0.855661           4.323701            0.789262   \n",
      "0         0.844914           4.029370            0.764062   \n",
      "\n",
      "                                    confusion_matrix  \\\n",
      "0  [[746.0, 49.0, 7.0, 4.0, 11.0], [25.0, 1028.0,...   \n",
      "0  [[743.0, 50.0, 13.0, 4.0, 14.0], [25.0, 1037.0...   \n",
      "0  [[742.0, 46.0, 6.0, 3.0, 14.0], [27.0, 1039.0,...   \n",
      "0  [[743.0, 52.0, 6.0, 4.0, 18.0], [28.0, 1039.0,...   \n",
      "0  [[730.0, 43.0, 8.0, 3.0, 10.0], [41.0, 1052.0,...   \n",
      "0  [[743.0, 47.0, 11.0, 2.0, 14.0], [29.0, 1054.0...   \n",
      "0  [[740.0, 42.0, 9.0, 2.0, 10.0], [33.0, 1056.0,...   \n",
      "0  [[747.0, 50.0, 15.0, 3.0, 16.0], [28.0, 1076.0...   \n",
      "\n",
      "                                           category              filename  \\\n",
      "0  B12-E6-H768-LR 5e-05 - eps 1e-08 - ACT - softmax  eval-20210829-030215   \n",
      "0  B12-E6-H768-LR 5e-05 - eps 1e-08 - ACT - softmax  eval-20210828-203152   \n",
      "0  B12-E6-H768-LR 5e-05 - eps 1e-08 - ACT - softmax  eval-20210828-173521   \n",
      "0  B12-E6-H768-LR 5e-05 - eps 1e-08 - ACT - softmax  eval-20210829-005150   \n",
      "0  B12-E6-H768-LR 5e-05 - eps 1e-08 - ACT - softmax  eval-20210829-085441   \n",
      "0  B12-E6-H768-LR 5e-05 - eps 1e-08 - ACT - softmax  eval-20210829-020150   \n",
      "0  B12-E6-H768-LR 5e-05 - eps 1e-08 - ACT - softmax  eval-20210829-095513   \n",
      "0  B12-E6-H768-LR 5e-05 - eps 1e-08 - ACT - softmax  eval-20210828-230723   \n",
      "\n",
      "                    weights  \n",
      "0  1.0, 0.9, 0.85, 3.0, 0.8  \n",
      "0  1.0, 0.9, 0.85, 3.0, 0.8  \n",
      "0  1.0, 0.9, 0.85, 3.0, 0.8  \n",
      "0  1.0, 0.9, 0.85, 3.0, 0.8  \n",
      "0  1.0, 0.9, 0.85, 3.0, 0.8  \n",
      "0  1.0, 0.9, 0.85, 3.0, 0.8  \n",
      "0  1.0, 0.9, 0.85, 3.0, 0.8  \n",
      "0  1.0, 0.9, 0.85, 3.0, 0.8  \n",
      "Order by act_acc+att_acc-act_per\n",
      "   action_accuracy  action_perplexity  attribute_accuracy  \\\n",
      "0         0.844914           4.029370            0.764062   \n",
      "0         0.854549           4.531001            0.800184   \n",
      "0         0.857143           4.570284            0.795883   \n",
      "0         0.856587           4.340371            0.790465   \n",
      "0         0.855290           4.365465            0.797576   \n",
      "0         0.855661           4.323701            0.789262   \n",
      "0         0.851584           4.428542            0.793953   \n",
      "0         0.856587           4.399322            0.801858   \n",
      "\n",
      "                                    confusion_matrix  \\\n",
      "0  [[747.0, 50.0, 15.0, 3.0, 16.0], [28.0, 1076.0...   \n",
      "0  [[743.0, 50.0, 13.0, 4.0, 14.0], [25.0, 1037.0...   \n",
      "0  [[743.0, 52.0, 6.0, 4.0, 18.0], [28.0, 1039.0,...   \n",
      "0  [[743.0, 47.0, 11.0, 2.0, 14.0], [29.0, 1054.0...   \n",
      "0  [[742.0, 46.0, 6.0, 3.0, 14.0], [27.0, 1039.0,...   \n",
      "0  [[740.0, 42.0, 9.0, 2.0, 10.0], [33.0, 1056.0,...   \n",
      "0  [[730.0, 43.0, 8.0, 3.0, 10.0], [41.0, 1052.0,...   \n",
      "0  [[746.0, 49.0, 7.0, 4.0, 11.0], [25.0, 1028.0,...   \n",
      "\n",
      "                                           category              filename  \\\n",
      "0  B12-E6-H768-LR 5e-05 - eps 1e-08 - ACT - softmax  eval-20210828-230723   \n",
      "0  B12-E6-H768-LR 5e-05 - eps 1e-08 - ACT - softmax  eval-20210828-203152   \n",
      "0  B12-E6-H768-LR 5e-05 - eps 1e-08 - ACT - softmax  eval-20210829-005150   \n",
      "0  B12-E6-H768-LR 5e-05 - eps 1e-08 - ACT - softmax  eval-20210829-020150   \n",
      "0  B12-E6-H768-LR 5e-05 - eps 1e-08 - ACT - softmax  eval-20210828-173521   \n",
      "0  B12-E6-H768-LR 5e-05 - eps 1e-08 - ACT - softmax  eval-20210829-095513   \n",
      "0  B12-E6-H768-LR 5e-05 - eps 1e-08 - ACT - softmax  eval-20210829-085441   \n",
      "0  B12-E6-H768-LR 5e-05 - eps 1e-08 - ACT - softmax  eval-20210829-030215   \n",
      "\n",
      "                    weights  perplexity_weight_full  perplexity_weight_cent  \\\n",
      "0  1.0, 0.9, 0.85, 3.0, 0.8               -2.420395                1.568682   \n",
      "0  1.0, 0.9, 0.85, 3.0, 0.8               -2.876268                1.609423   \n",
      "0  1.0, 0.9, 0.85, 3.0, 0.8               -2.917258                1.607323   \n",
      "0  1.0, 0.9, 0.85, 3.0, 0.8               -2.693320                1.603648   \n",
      "0  1.0, 0.9, 0.85, 3.0, 0.8               -2.712598                1.609212   \n",
      "0  1.0, 0.9, 0.85, 3.0, 0.8               -2.678778                1.601686   \n",
      "0  1.0, 0.9, 0.85, 3.0, 0.8               -2.783005                1.601252   \n",
      "0  1.0, 0.9, 0.85, 3.0, 0.8               -2.740877                1.614452   \n",
      "\n",
      "   perplexity_weight_cent_halved  \n",
      "0                       1.588829  \n",
      "0                       1.632078  \n",
      "0                       1.630174  \n",
      "0                       1.625350  \n",
      "0                       1.631039  \n",
      "0                       1.623304  \n",
      "0                       1.623395  \n",
      "0                       1.636449  \n"
     ]
    }
   ],
   "source": [
    "# Data analysis \n",
    "case_study = test_validation_data[test_validation_data['weights'] == \"1.0, 0.9, 0.85, 3.0, 0.8\"]\n",
    "print(case_study.shape)\n",
    "print(f\"MAX action accuracy: {max(case_study['action_accuracy'])}, MAX attribute accuracy: {max(case_study['attribute_accuracy'])}\")\n",
    "print(case_study)\n",
    "print('Action accuracy order')\n",
    "print(case_study.sort_values(by=['action_accuracy'], ascending=False))\n",
    "print('Attribute accuracy order')\n",
    "print(case_study.sort_values(by=['attribute_accuracy'], ascending=False))\n",
    "print('Order by act_acc+att_acc-act_per')\n",
    "perplexity_weight_full = case_study['action_accuracy'] + case_study['attribute_accuracy'] - case_study['action_perplexity']\n",
    "case_study.insert(case_study.shape[1], 'perplexity_weight_full', perplexity_weight_full)\n",
    "perplexity_weight_cent = case_study['action_accuracy'] + case_study['attribute_accuracy'] - case_study['action_perplexity']/100\n",
    "case_study.insert(case_study.shape[1], 'perplexity_weight_cent', perplexity_weight_cent)\n",
    "perplexity_weight_cent_halved = case_study['action_accuracy'] + case_study['attribute_accuracy'] - case_study['action_perplexity']/200\n",
    "case_study.insert(case_study.shape[1], 'perplexity_weight_cent_halved', perplexity_weight_cent_halved)\n",
    "print(case_study)"
   ]
  },
  {
   "cell_type": "code",
   "execution_count": 79,
   "id": "ac499e48-d6d0-4976-8891-300799dcc062",
   "metadata": {},
   "outputs": [
    {
     "name": "stdout",
     "output_type": "stream",
     "text": [
      "Perplexity weight full\n",
      "   action_accuracy  action_perplexity  attribute_accuracy  \\\n",
      "0         0.844914           4.029370            0.764062   \n",
      "0         0.855661           4.323701            0.789262   \n",
      "0         0.856587           4.340371            0.790465   \n",
      "0         0.855290           4.365465            0.797576   \n",
      "0         0.856587           4.399322            0.801858   \n",
      "0         0.851584           4.428542            0.793953   \n",
      "0         0.854549           4.531001            0.800184   \n",
      "0         0.857143           4.570284            0.795883   \n",
      "\n",
      "   perplexity_weight_full  perplexity_weight_cent  \\\n",
      "0               -2.420395                1.568682   \n",
      "0               -2.678778                1.601686   \n",
      "0               -2.693320                1.603648   \n",
      "0               -2.712598                1.609212   \n",
      "0               -2.740877                1.614452   \n",
      "0               -2.783005                1.601252   \n",
      "0               -2.876268                1.609423   \n",
      "0               -2.917258                1.607323   \n",
      "\n",
      "   perplexity_weight_cent_halved  \n",
      "0                       1.588829  \n",
      "0                       1.623304  \n",
      "0                       1.625350  \n",
      "0                       1.631039  \n",
      "0                       1.636449  \n",
      "0                       1.623395  \n",
      "0                       1.632078  \n",
      "0                       1.630174  \n",
      "Perplexity weight cent\n",
      "   action_accuracy  action_perplexity  attribute_accuracy  \\\n",
      "0         0.856587           4.399322            0.801858   \n",
      "0         0.854549           4.531001            0.800184   \n",
      "0         0.855290           4.365465            0.797576   \n",
      "0         0.857143           4.570284            0.795883   \n",
      "0         0.856587           4.340371            0.790465   \n",
      "0         0.855661           4.323701            0.789262   \n",
      "0         0.851584           4.428542            0.793953   \n",
      "0         0.844914           4.029370            0.764062   \n",
      "\n",
      "   perplexity_weight_full  perplexity_weight_cent  \\\n",
      "0               -2.740877                1.614452   \n",
      "0               -2.876268                1.609423   \n",
      "0               -2.712598                1.609212   \n",
      "0               -2.917258                1.607323   \n",
      "0               -2.693320                1.603648   \n",
      "0               -2.678778                1.601686   \n",
      "0               -2.783005                1.601252   \n",
      "0               -2.420395                1.568682   \n",
      "\n",
      "   perplexity_weight_cent_halved  \n",
      "0                       1.636449  \n",
      "0                       1.632078  \n",
      "0                       1.631039  \n",
      "0                       1.630174  \n",
      "0                       1.625350  \n",
      "0                       1.623304  \n",
      "0                       1.623395  \n",
      "0                       1.588829  \n",
      "Perplexity weight cent and halved\n",
      "   action_accuracy  action_perplexity  attribute_accuracy  \\\n",
      "0         0.856587           4.399322            0.801858   \n",
      "0         0.854549           4.531001            0.800184   \n",
      "0         0.855290           4.365465            0.797576   \n",
      "0         0.857143           4.570284            0.795883   \n",
      "0         0.856587           4.340371            0.790465   \n",
      "0         0.851584           4.428542            0.793953   \n",
      "0         0.855661           4.323701            0.789262   \n",
      "0         0.844914           4.029370            0.764062   \n",
      "\n",
      "   perplexity_weight_full  perplexity_weight_cent  \\\n",
      "0               -2.740877                1.614452   \n",
      "0               -2.876268                1.609423   \n",
      "0               -2.712598                1.609212   \n",
      "0               -2.917258                1.607323   \n",
      "0               -2.693320                1.603648   \n",
      "0               -2.783005                1.601252   \n",
      "0               -2.678778                1.601686   \n",
      "0               -2.420395                1.568682   \n",
      "\n",
      "   perplexity_weight_cent_halved  \n",
      "0                       1.636449  \n",
      "0                       1.632078  \n",
      "0                       1.631039  \n",
      "0                       1.630174  \n",
      "0                       1.625350  \n",
      "0                       1.623395  \n",
      "0                       1.623304  \n",
      "0                       1.588829  \n"
     ]
    }
   ],
   "source": [
    "print(\"Perplexity weight full\")\n",
    "print(case_study.sort_values(by=['perplexity_weight_full'], ascending=False).loc[:, ['action_accuracy', 'action_perplexity', 'attribute_accuracy', 'perplexity_weight_full', 'perplexity_weight_cent', 'perplexity_weight_cent_halved']])\n",
    "print(\"Perplexity weight cent\")\n",
    "print(case_study.sort_values(by=['perplexity_weight_cent'], ascending=False).loc[:, ['action_accuracy', 'action_perplexity', 'attribute_accuracy', 'perplexity_weight_full', 'perplexity_weight_cent', 'perplexity_weight_cent_halved']])\n",
    "print(\"Perplexity weight cent and halved\")\n",
    "print(case_study.sort_values(by=['perplexity_weight_cent_halved'], ascending=False).loc[:, ['action_accuracy', 'action_perplexity', 'attribute_accuracy', 'perplexity_weight_full', 'perplexity_weight_cent', 'perplexity_weight_cent_halved']])"
   ]
  },
  {
   "cell_type": "code",
   "execution_count": 59,
   "id": "a70d08a6-6872-4a96-bbf3-81dfad851ee3",
   "metadata": {},
   "outputs": [
    {
     "data": {
      "text/html": [
       "<div>\n",
       "<style scoped>\n",
       "    .dataframe tbody tr th:only-of-type {\n",
       "        vertical-align: middle;\n",
       "    }\n",
       "\n",
       "    .dataframe tbody tr th {\n",
       "        vertical-align: top;\n",
       "    }\n",
       "\n",
       "    .dataframe thead th {\n",
       "        text-align: right;\n",
       "    }\n",
       "</style>\n",
       "<table border=\"1\" class=\"dataframe\">\n",
       "  <thead>\n",
       "    <tr style=\"text-align: right;\">\n",
       "      <th></th>\n",
       "      <th>action_accuracy</th>\n",
       "      <th>action_perplexity</th>\n",
       "      <th>attribute_accuracy</th>\n",
       "      <th>arbitrary_choice</th>\n",
       "    </tr>\n",
       "  </thead>\n",
       "  <tbody>\n",
       "    <tr>\n",
       "      <th>count</th>\n",
       "      <td>8.000000</td>\n",
       "      <td>8.000000</td>\n",
       "      <td>8.000000</td>\n",
       "      <td>8.000000</td>\n",
       "    </tr>\n",
       "    <tr>\n",
       "      <th>mean</th>\n",
       "      <td>0.854039</td>\n",
       "      <td>4.373507</td>\n",
       "      <td>0.791655</td>\n",
       "      <td>-2.727812</td>\n",
       "    </tr>\n",
       "    <tr>\n",
       "      <th>std</th>\n",
       "      <td>0.004077</td>\n",
       "      <td>0.164445</td>\n",
       "      <td>0.011974</td>\n",
       "      <td>0.150938</td>\n",
       "    </tr>\n",
       "    <tr>\n",
       "      <th>min</th>\n",
       "      <td>0.844914</td>\n",
       "      <td>4.029370</td>\n",
       "      <td>0.764062</td>\n",
       "      <td>-2.917258</td>\n",
       "    </tr>\n",
       "    <tr>\n",
       "      <th>25%</th>\n",
       "      <td>0.853808</td>\n",
       "      <td>4.336204</td>\n",
       "      <td>0.790164</td>\n",
       "      <td>-2.806321</td>\n",
       "    </tr>\n",
       "    <tr>\n",
       "      <th>50%</th>\n",
       "      <td>0.855475</td>\n",
       "      <td>4.382393</td>\n",
       "      <td>0.794918</td>\n",
       "      <td>-2.726737</td>\n",
       "    </tr>\n",
       "    <tr>\n",
       "      <th>75%</th>\n",
       "      <td>0.856587</td>\n",
       "      <td>4.454157</td>\n",
       "      <td>0.798228</td>\n",
       "      <td>-2.689684</td>\n",
       "    </tr>\n",
       "    <tr>\n",
       "      <th>max</th>\n",
       "      <td>0.857143</td>\n",
       "      <td>4.570284</td>\n",
       "      <td>0.801858</td>\n",
       "      <td>-2.420395</td>\n",
       "    </tr>\n",
       "  </tbody>\n",
       "</table>\n",
       "</div>"
      ],
      "text/plain": [
       "       action_accuracy  action_perplexity  attribute_accuracy  \\\n",
       "count         8.000000           8.000000            8.000000   \n",
       "mean          0.854039           4.373507            0.791655   \n",
       "std           0.004077           0.164445            0.011974   \n",
       "min           0.844914           4.029370            0.764062   \n",
       "25%           0.853808           4.336204            0.790164   \n",
       "50%           0.855475           4.382393            0.794918   \n",
       "75%           0.856587           4.454157            0.798228   \n",
       "max           0.857143           4.570284            0.801858   \n",
       "\n",
       "       arbitrary_choice  \n",
       "count          8.000000  \n",
       "mean          -2.727812  \n",
       "std            0.150938  \n",
       "min           -2.917258  \n",
       "25%           -2.806321  \n",
       "50%           -2.726737  \n",
       "75%           -2.689684  \n",
       "max           -2.420395  "
      ]
     },
     "execution_count": 59,
     "metadata": {},
     "output_type": "execute_result"
    }
   ],
   "source": [
    "case_study.describe()"
   ]
  },
  {
   "cell_type": "code",
   "execution_count": 60,
   "id": "5bbf360c",
   "metadata": {},
   "outputs": [
    {
     "data": {
