{
 "cells": [
  {
   "cell_type": "code",
   "execution_count": 267,
   "id": "ec2a974e",
   "metadata": {},
   "outputs": [],
   "source": [
    "from pathlib import Path\n",
    "import pandas as pd\n",
    "import numpy as np\n",
    "import matplotlib.pyplot as plt\n",
    "import seaborn as sns\n",
    "import plotly.figure_factory as ff\n",
    "\n",
    "curdir = Path('./')"
   ]
  },
  {
   "cell_type": "code",
   "execution_count": 268,
   "id": "b9909dce",
   "metadata": {},
   "outputs": [
    {
     "name": "stdout",
     "output_type": "stream",
     "text": [
      "   action_accuracy  action_perplexity  attribute_accuracy  \\\n",
      "0         0.854178           4.380371            0.789539   \n",
      "0         0.846952           5.993121            0.791954   \n",
      "0         0.856587           4.593089            0.792096   \n",
      "0         0.857143           4.570284            0.795883   \n",
      "0         0.853993           4.398207            0.792229   \n",
      "0         0.852325           4.605227            0.785384   \n",
      "0         0.855661           4.323701            0.789262   \n",
      "0         0.858440           4.623870            0.804268   \n",
      "0         0.854549           4.531001            0.800184   \n",
      "0         0.854364           4.480988            0.801401   \n",
      "0         0.859737           4.284719            0.798813   \n",
      "0         0.854178           4.447966            0.793049   \n",
      "0         0.857143           4.635254            0.797092   \n",
      "0         0.853993           4.450030            0.798850   \n",
      "0         0.856587           4.399322            0.801858   \n",
      "0         0.858255           4.283419            0.803142   \n",
      "0         0.852140           4.582262            0.784070   \n",
      "0         0.853622           4.152028            0.795476   \n",
      "0         0.857143           4.464701            0.799848   \n",
      "0         0.844914           4.029370            0.764062   \n",
      "\n",
      "                                    confusion_matrix  \\\n",
      "0  [[743.0, 47.0, 10.0, 3.0, 16.0], [28.0, 1049.0...   \n",
      "0  [[739.0, 51.0, 9.0, 6.0, 11.0], [30.0, 1022.0,...   \n",
      "0  [[748.0, 47.0, 9.0, 2.0, 13.0], [28.0, 1057.0,...   \n",
      "0  [[743.0, 52.0, 6.0, 4.0, 18.0], [28.0, 1039.0,...   \n",
      "0  [[725.0, 49.0, 13.0, 5.0, 9.0], [38.0, 1054.0,...   \n",
      "0  [[743.0, 43.0, 13.0, 3.0, 15.0], [31.0, 1045.0...   \n",
      "0  [[740.0, 42.0, 9.0, 2.0, 10.0], [33.0, 1056.0,...   \n",
      "0  [[739.0, 47.0, 7.0, 5.0, 16.0], [32.0, 1044.0,...   \n",
      "0  [[743.0, 50.0, 13.0, 4.0, 14.0], [25.0, 1037.0...   \n",
      "0  [[740.0, 44.0, 9.0, 3.0, 12.0], [29.0, 1027.0,...   \n",
      "0  [[744.0, 43.0, 9.0, 3.0, 12.0], [29.0, 1046.0,...   \n",
      "0  [[747.0, 48.0, 10.0, 3.0, 17.0], [26.0, 1044.0...   \n",
      "0  [[748.0, 46.0, 9.0, 4.0, 16.0], [26.0, 1038.0,...   \n",
      "0  [[752.0, 52.0, 12.0, 4.0, 17.0], [26.0, 1027.0...   \n",
      "0  [[746.0, 49.0, 7.0, 4.0, 11.0], [25.0, 1028.0,...   \n",
      "0  [[743.0, 48.0, 10.0, 3.0, 14.0], [31.0, 1038.0...   \n",
      "0  [[741.0, 47.0, 8.0, 3.0, 17.0], [31.0, 1043.0,...   \n",
      "0  [[741.0, 45.0, 10.0, 3.0, 10.0], [30.0, 1041.0...   \n",
      "0  [[746.0, 48.0, 10.0, 3.0, 12.0], [28.0, 1041.0...   \n",
      "0  [[747.0, 50.0, 15.0, 3.0, 16.0], [28.0, 1076.0...   \n",
      "\n",
      "                                           category              filename  \\\n",
      "0  B12-E6-H768-LR 5e-05 - eps 1e-08 - ACT - softmax  eval-20210828-224851   \n",
      "0  B12-E6-H768-LR 5e-05 - eps 1e-08 - ACT - softmax  eval-20210828-163541   \n",
      "0  B12-E6-H768-LR 5e-05 - eps 1e-08 - ACT - softmax  eval-20210829-015417   \n",
      "0  B12-E6-H768-LR 5e-05 - eps 1e-08 - ACT - softmax  eval-20210829-005150   \n",
      "0  B12-E6-H768-LR 5e-05 - eps 1e-08 - ACT - softmax  eval-20210828-150402   \n",
      "0  B12-E6-H768-LR 5e-05 - eps 1e-08 - ACT - softmax  eval-20210828-153524   \n",
      "0  B12-E6-H768-LR 5e-05 - eps 1e-08 - ACT - softmax  eval-20210829-095513   \n",
      "0  B12-E6-H768-LR 5e-05 - eps 1e-08 - ACT - softmax  eval-20210829-143402   \n",
      "0  B12-E6-H768-LR 5e-05 - eps 1e-08 - ACT - softmax  eval-20210828-203152   \n",
      "0  B12-E6-H768-LR 5e-05 - eps 1e-08 - ACT - softmax  eval-20210829-010001   \n",
      "0  B12-E6-H768-LR 5e-05 - eps 1e-08 - ACT - softmax  eval-20210829-071940   \n",
      "0  B12-E6-H768-LR 5e-05 - eps 1e-08 - ACT - softmax  eval-20210829-090811   \n",
      "0  B12-E6-H768-LR 5e-05 - eps 1e-08 - ACT - softmax  eval-20210829-100232   \n",
      "0  B12-E6-H768-LR 5e-05 - eps 1e-08 - ACT - softmax  eval-20210828-135516   \n",
      "0  B12-E6-H768-LR 5e-05 - eps 1e-08 - ACT - softmax  eval-20210829-030215   \n",
      "0  B12-E6-H768-LR 5e-05 - eps 1e-08 - ACT - softmax  eval-20210829-043659   \n",
      "0  B12-E6-H768-LR 5e-05 - eps 1e-08 - ACT - softmax  eval-20210829-115107   \n",
      "0  B12-E6-H768-LR 5e-05 - eps 1e-08 - ACT - softmax  eval-20210829-062526   \n",
      "0  B12-E6-H768-LR 5e-05 - eps 1e-08 - ACT - softmax  eval-20210829-124525   \n",
      "0  B12-E6-H768-LR 5e-05 - eps 1e-08 - ACT - softmax  eval-20210828-230723   \n",
      "\n",
      "                    weights  \n",
      "0  1.0, 0.9, 0.85, 3.0, 0.8  \n",
      "0  1.0, 0.9, 0.95, 2.0, 0.8  \n",
      "0  1.0, 0.9, 0.85, 3.0, 0.8  \n",
      "0  1.0, 0.9, 0.85, 3.0, 0.8  \n",
      "0        ??, ??, ??, ??, ??  \n",
      "0   1.0, 0.9, 1.0, 2.0, 0.8  \n",
      "0  1.0, 0.9, 0.85, 3.0, 0.8  \n",
      "0  1.0, 0.9, 0.85, 3.0, 0.8  \n",
      "0  1.0, 0.9, 0.85, 3.0, 0.8  \n",
      "0  1.0, 0.9, 0.85, 3.0, 0.8  \n",
      "0  1.0, 0.9, 0.85, 3.0, 0.8  \n",
      "0  1.0, 0.9, 0.85, 3.0, 0.8  \n",
      "0  1.0, 0.9, 0.85, 3.0, 0.8  \n",
      "0   1.0, 0.9, 1.0, 3.0, 0.8  \n",
      "0  1.0, 0.9, 0.85, 3.0, 0.8  \n",
      "0  1.0, 0.9, 0.85, 3.0, 0.8  \n",
      "0  1.0, 0.9, 0.85, 3.0, 0.8  \n",
      "0  1.0, 0.9, 0.85, 3.0, 0.8  \n",
      "0  1.0, 0.9, 0.85, 3.0, 0.8  \n",
      "0        ??, ??, ??, ??, ??  \n",
      "(32, 7)\n"
     ]
    }
   ],
   "source": [
    "# TEST SET validation data\n",
    "test_validation_data = pd.DataFrame()\n",
    "for f in curdir.glob('eval*'):\n",
    "    filename = f.name\n",
    "    df = pd.read_pickle(f)\n",
    "    df['filename'] = filename\n",
    "    # Parameter configuration (not saved in runs!!)\n",
    "    # The weights are relative to classes in alphabetical order:\n",
    "    # AddToCart, None, SearchDatabase, SearchMemory, SpecifyInfo\n",
    "    if filename[5:]=='20210828-135516':\n",
    "        weights = \"1.0, 0.9, 1.0, 3.0, 0.8\"\n",
    "    elif filename[5:]=='20210828-153524':\n",
    "        weights = \"1.0, 0.9, 1.0, 2.0, 0.8\"\n",
    "    elif filename[5:]=='20210828-163541':\n",
    "        weights = \"1.0, 0.9, 0.95, 2.0, 0.8\"\n",
    "    elif filename[5:]=='20210828-173521':\n",
    "        weights = \"1.0, 0.9, 0.85, 3.0, 0.8\"\n",
    "    elif filename[5:]=='20210828-185724':\n",
    "        weights = \"1.0, 0.9, 0.8, 3.5, 0.75\"\n",
    "    elif filename[5:]=='20210828-150402' or filename[5:]=='20210828-205725' or filename[5:]=='20210828-230723':\n",
    "        weights = \"??, ??, ??, ??, ??\"\n",
    "    else:\n",
    "        weights = \"1.0, 0.9, 0.85, 3.0, 0.8\"\n",
    "    df['weights'] = [weights]    \n",
    "    test_validation_data = pd.concat([test_validation_data, df])\n",
    "print(test_validation_data.head(20))\n",
    "print(test_validation_data.shape)"
   ]
  },
  {
   "cell_type": "code",
   "execution_count": 269,
   "id": "4011102d",
   "metadata": {},
   "outputs": [
    {
     "name": "stdout",
     "output_type": "stream",
     "text": [
      "                0                 filename\n",
      "0       AddToCart  classes-20210829-152820\n",
      "1            None  classes-20210829-152820\n",
      "2  SearchDatabase  classes-20210829-152820\n",
      "3    SearchMemory  classes-20210829-152820\n",
      "4     SpecifyInfo  classes-20210829-152820\n",
      "(160, 2)\n"
     ]
    }
   ],
   "source": [
    "df_classes = pd.DataFrame()\n",
    "for f in curdir.glob('classes*'):\n",
    "    filename = f.name\n",
    "    df = pd.read_pickle(f)\n",
    "    df['filename'] = filename\n",
    "    df_classes = pd.concat([df_classes, df])\n",
    "print(df_classes.head())\n",
    "print(df_classes.shape)"
   ]
  },
  {
   "cell_type": "code",
   "execution_count": 270,
   "id": "262ad9a8",
   "metadata": {},
   "outputs": [
    {
     "name": "stdout",
     "output_type": "stream",
     "text": [
      "       Training Loss  Valid. Loss  Valid. Accur. class.  \\\n",
      "epoch                                                     \n",
      "1           1.183742     1.121508              0.844008   \n",
      "2           1.126381     1.108489              0.845147   \n",
      "3           1.102654     1.099548              0.853117   \n",
      "4           1.086546     1.089359              0.859379   \n",
      "5           1.070644     1.080110              0.863934   \n",
      "\n",
      "       Valid. Accur. mult.label Training Time Validation Time  \\\n",
      "epoch                                                           \n",
      "1                      0.905209       0:08:27         0:00:27   \n",
      "2                      0.913464       0:08:34         0:00:27   \n",
      "3                      0.930544       0:08:31         0:00:27   \n",
      "4                      0.941076       0:08:27         0:00:27   \n",
      "5                      0.942215       0:08:25         0:00:27   \n",
      "\n",
      "                                                 metrics  \\\n",
      "epoch                                                      \n",
      "1      {'action_accuracy': 0.8440079703956732, 'actio...   \n",
      "2      {'action_accuracy': 0.8451465983489894, 'actio...   \n",
      "3      {'action_accuracy': 0.8531169940222032, 'actio...   \n",
      "4      {'action_accuracy': 0.8593794477654426, 'actio...   \n",
      "5      {'action_accuracy': 0.8639339595787077, 'actio...   \n",
      "\n",
      "                                               category               filename  \n",
      "epoch                                                                           \n",
      "1      B12-E6-H768-LR 5e-05 - eps 1e-08 - ACT - softmax  stats-20210828-173521  \n",
      "2      B12-E6-H768-LR 5e-05 - eps 1e-08 - ACT - softmax  stats-20210828-173521  \n",
      "3      B12-E6-H768-LR 5e-05 - eps 1e-08 - ACT - softmax  stats-20210828-173521  \n",
      "4      B12-E6-H768-LR 5e-05 - eps 1e-08 - ACT - softmax  stats-20210828-173521  \n",
      "5      B12-E6-H768-LR 5e-05 - eps 1e-08 - ACT - softmax  stats-20210828-173521  \n",
      "(192, 9)\n"
     ]
    }
   ],
   "source": [
    "# Training data statistics\n",
    "training_stat = pd.DataFrame()\n",
    "for f in curdir.glob('stats*'):\n",
    "    filename = f.name\n",
    "    df = pd.read_pickle(f)\n",
    "    df['filename'] = filename\n",
    "    training_stat = pd.concat([training_stat, df])\n",
    "print(training_stat.head())\n",
    "print(training_stat.shape)"
   ]
  },
  {
   "cell_type": "code",
   "execution_count": 271,
   "id": "37e1a9f1",
   "metadata": {},
   "outputs": [
    {
     "name": "stdout",
     "output_type": "stream",
     "text": [
      "   epoch  batchnum                                     actions_logits  \\\n",
      "0      1         1  [[0.00022669467, 0.99954635, 0.00014672453, 4....   \n",
      "1      1         2  [[3.9816754e-05, 0.99993706, 9.982337e-06, 5.3...   \n",
      "2      1         3  [[1.1716689e-05, 4.749046e-06, 5.243937e-06, 7...   \n",
      "3      1         4  [[0.99993145, 1.383598e-05, 5.140159e-06, 1.06...   \n",
      "4      1         5  [[9.2726084e-05, 0.0010338974, 2.4307932e-05, ...   \n",
      "\n",
      "                         actions_labels  \\\n",
      "0  [1, 4, 2, 4, 0, 1, 1, 4, 4, 0, 1, 2]   \n",
      "1  [1, 4, 2, 2, 0, 1, 2, 1, 1, 1, 1, 4]   \n",
      "2  [4, 1, 1, 1, 4, 2, 1, 2, 0, 1, 1, 1]   \n",
      "3  [0, 0, 1, 2, 0, 1, 4, 4, 0, 1, 1, 4]   \n",
      "4  [1, 4, 2, 4, 0, 3, 1, 1, 2, 4, 1, 1]   \n",
      "\n",
      "                                   attributes_logits  \\\n",
      "0  [[0.000315801, 0.0002742104, 0.008575827, 0.00...   \n",
      "1  [[0.00011521527, 8.390182e-05, 0.0052792653, 0...   \n",
      "2  [[9.704663e-05, 8.9460504e-05, 0.94356424, 0.0...   \n",
      "3  [[5.0596205e-05, 7.391092e-05, 0.013133991, 0....   \n",
      "4  [[6.1832594e-05, 8.9843335e-05, 0.0028882376, ...   \n",
      "\n",
      "                                   attributes_labels  \\\n",
      "0  [[0, 0, 0, 0, 0, 0, 0, 0, 0, 0, 0, 0, 0, 0, 0,...   \n",
      "1  [[0, 0, 0, 0, 0, 0, 0, 0, 0, 0, 0, 0, 0, 0, 0,...   \n",
      "2  [[0, 0, 1, 0, 0, 0, 0, 0, 0, 0, 0, 0, 0, 0, 0,...   \n",
      "3  [[0, 0, 0, 0, 0, 0, 0, 0, 0, 0, 0, 0, 0, 0, 0,...   \n",
      "4  [[0, 0, 0, 0, 0, 0, 0, 0, 0, 0, 0, 0, 0, 0, 0,...   \n",
      "\n",
      "         accuracy_classification            accuracy_multilabel  \\\n",
      "0  {'matched': 11, 'counts': 12}  {'matched': 11, 'counts': 12}   \n",
      "1   {'matched': 9, 'counts': 12}  {'matched': 10, 'counts': 12}   \n",
      "2   {'matched': 9, 'counts': 12}  {'matched': 11, 'counts': 12}   \n",
      "3   {'matched': 9, 'counts': 12}  {'matched': 11, 'counts': 12}   \n",
      "4   {'matched': 9, 'counts': 12}  {'matched': 11, 'counts': 12}   \n",
      "\n",
      "                                           category                  filename  \n",
      "0  B12-E6-H768-LR 5e-05 - eps 1e-08 - ACT - softmax  testdata-20210828-224851  \n",
      "1  B12-E6-H768-LR 5e-05 - eps 1e-08 - ACT - softmax  testdata-20210828-224851  \n",
      "2  B12-E6-H768-LR 5e-05 - eps 1e-08 - ACT - softmax  testdata-20210828-224851  \n",
      "3  B12-E6-H768-LR 5e-05 - eps 1e-08 - ACT - softmax  testdata-20210828-224851  \n",
      "4  B12-E6-H768-LR 5e-05 - eps 1e-08 - ACT - softmax  testdata-20210828-224851  \n",
      "(56256, 10)\n"
     ]
    }
   ],
   "source": [
    "# Training validazione data\n",
    "validation_data = pd.DataFrame()\n",
    "for f in curdir.glob('testdata*'):\n",
    "    filename = f.name\n",
    "    df = pd.read_pickle(f)\n",
    "    df['filename'] = filename\n",
    "    validation_data = pd.concat([validation_data, df])\n",
    "print(validation_data.head())\n",
    "print(validation_data.shape)"
   ]
  },
  {
   "cell_type": "code",
   "execution_count": 272,
   "id": "c089a332",
   "metadata": {},
   "outputs": [
    {
     "name": "stdout",
     "output_type": "stream",
     "text": [
      "(25, 7)\n",
      "MAX action accuracy: 0.8604780433574208, MAX attribute accuracy: 0.8050887334395045\n",
      "   action_accuracy  action_perplexity  attribute_accuracy  \\\n",
      "0         0.854178           4.380371            0.789539   \n",
      "0         0.856587           4.593089            0.792096   \n",
      "0         0.857143           4.570284            0.795883   \n",
      "0         0.855661           4.323701            0.789262   \n",
      "0         0.858440           4.623870            0.804268   \n",
      "0         0.854549           4.531001            0.800184   \n",
      "0         0.854364           4.480988            0.801401   \n",
      "0         0.859737           4.284719            0.798813   \n",
      "0         0.854178           4.447966            0.793049   \n",
      "0         0.857143           4.635254            0.797092   \n",
      "0         0.856587           4.399322            0.801858   \n",
      "0         0.858255           4.283419            0.803142   \n",
      "0         0.852140           4.582262            0.784070   \n",
      "0         0.853622           4.152028            0.795476   \n",
      "0         0.857143           4.464701            0.799848   \n",
      "0         0.860478           4.535673            0.805089   \n",
      "0         0.851955           5.091894            0.789409   \n",
      "0         0.856587           4.340371            0.790465   \n",
      "0         0.854734           4.474032            0.800208   \n",
      "0         0.854178           4.707363            0.794481   \n",
      "0         0.854364           4.626762            0.793139   \n",
      "0         0.855290           4.365465            0.797576   \n",
      "0         0.851584           4.428542            0.793953   \n",
      "0         0.856958           4.200914            0.799446   \n",
      "0         0.855290           4.366705            0.795873   \n",
      "\n",
      "                                    confusion_matrix  \\\n",
      "0  [[743.0, 47.0, 10.0, 3.0, 16.0], [28.0, 1049.0...   \n",
      "0  [[748.0, 47.0, 9.0, 2.0, 13.0], [28.0, 1057.0,...   \n",
      "0  [[743.0, 52.0, 6.0, 4.0, 18.0], [28.0, 1039.0,...   \n",
      "0  [[740.0, 42.0, 9.0, 2.0, 10.0], [33.0, 1056.0,...   \n",
      "0  [[739.0, 47.0, 7.0, 5.0, 16.0], [32.0, 1044.0,...   \n",
      "0  [[743.0, 50.0, 13.0, 4.0, 14.0], [25.0, 1037.0...   \n",
      "0  [[740.0, 44.0, 9.0, 3.0, 12.0], [29.0, 1027.0,...   \n",
      "0  [[744.0, 43.0, 9.0, 3.0, 12.0], [29.0, 1046.0,...   \n",
      "0  [[747.0, 48.0, 10.0, 3.0, 17.0], [26.0, 1044.0...   \n",
      "0  [[748.0, 46.0, 9.0, 4.0, 16.0], [26.0, 1038.0,...   \n",
      "0  [[746.0, 49.0, 7.0, 4.0, 11.0], [25.0, 1028.0,...   \n",
      "0  [[743.0, 48.0, 10.0, 3.0, 14.0], [31.0, 1038.0...   \n",
      "0  [[741.0, 47.0, 8.0, 3.0, 17.0], [31.0, 1043.0,...   \n",
      "0  [[741.0, 45.0, 10.0, 3.0, 10.0], [30.0, 1041.0...   \n",
      "0  [[746.0, 48.0, 10.0, 3.0, 12.0], [28.0, 1041.0...   \n",
      "0  [[756.0, 48.0, 8.0, 4.0, 12.0], [17.0, 1030.0,...   \n",
      "0  [[742.0, 43.0, 11.0, 3.0, 16.0], [31.0, 1034.0...   \n",
      "0  [[743.0, 47.0, 11.0, 2.0, 14.0], [29.0, 1054.0...   \n",
      "0  [[740.0, 46.0, 10.0, 4.0, 12.0], [34.0, 1029.0...   \n",
      "0  [[745.0, 48.0, 10.0, 2.0, 13.0], [27.0, 1046.0...   \n",
      "0  [[746.0, 50.0, 11.0, 3.0, 12.0], [28.0, 1037.0...   \n",
      "0  [[742.0, 46.0, 6.0, 3.0, 14.0], [27.0, 1039.0,...   \n",
      "0  [[730.0, 43.0, 8.0, 3.0, 10.0], [41.0, 1052.0,...   \n",
      "0  [[741.0, 45.0, 9.0, 2.0, 12.0], [31.0, 1040.0,...   \n",
      "0  [[744.0, 47.0, 7.0, 3.0, 12.0], [25.0, 1033.0,...   \n",
      "\n",
      "                                           category              filename  \\\n",
      "0  B12-E6-H768-LR 5e-05 - eps 1e-08 - ACT - softmax  eval-20210828-224851   \n",
      "0  B12-E6-H768-LR 5e-05 - eps 1e-08 - ACT - softmax  eval-20210829-015417   \n",
      "0  B12-E6-H768-LR 5e-05 - eps 1e-08 - ACT - softmax  eval-20210829-005150   \n",
      "0  B12-E6-H768-LR 5e-05 - eps 1e-08 - ACT - softmax  eval-20210829-095513   \n",
      "0  B12-E6-H768-LR 5e-05 - eps 1e-08 - ACT - softmax  eval-20210829-143402   \n",
      "0  B12-E6-H768-LR 5e-05 - eps 1e-08 - ACT - softmax  eval-20210828-203152   \n",
      "0  B12-E6-H768-LR 5e-05 - eps 1e-08 - ACT - softmax  eval-20210829-010001   \n",
      "0  B12-E6-H768-LR 5e-05 - eps 1e-08 - ACT - softmax  eval-20210829-071940   \n",
      "0  B12-E6-H768-LR 5e-05 - eps 1e-08 - ACT - softmax  eval-20210829-090811   \n",
      "0  B12-E6-H768-LR 5e-05 - eps 1e-08 - ACT - softmax  eval-20210829-100232   \n",
      "0  B12-E6-H768-LR 5e-05 - eps 1e-08 - ACT - softmax  eval-20210829-030215   \n",
      "0  B12-E6-H768-LR 5e-05 - eps 1e-08 - ACT - softmax  eval-20210829-043659   \n",
      "0  B12-E6-H768-LR 5e-05 - eps 1e-08 - ACT - softmax  eval-20210829-115107   \n",
      "0  B12-E6-H768-LR 5e-05 - eps 1e-08 - ACT - softmax  eval-20210829-062526   \n",
      "0  B12-E6-H768-LR 5e-05 - eps 1e-08 - ACT - softmax  eval-20210829-124525   \n",
      "0  B12-E6-H768-LR 5e-05 - eps 1e-08 - ACT - softmax  eval-20210829-034246   \n",
      "0  B12-E6-H768-LR 5e-05 - eps 1e-08 - ACT - softmax  eval-20210829-024831   \n",
      "0  B12-E6-H768-LR 5e-05 - eps 1e-08 - ACT - softmax  eval-20210829-020150   \n",
      "0  B12-E6-H768-LR 5e-05 - eps 1e-08 - ACT - softmax  eval-20210829-053113   \n",
      "0  B12-E6-H768-LR 5e-05 - eps 1e-08 - ACT - softmax  eval-20210829-133944   \n",
      "0  B12-E6-H768-LR 5e-05 - eps 1e-08 - ACT - softmax  eval-20210829-105649   \n",
      "0  B12-E6-H768-LR 5e-05 - eps 1e-08 - ACT - softmax  eval-20210828-173521   \n",
      "0  B12-E6-H768-LR 5e-05 - eps 1e-08 - ACT - softmax  eval-20210829-085441   \n",
      "0  B12-E6-H768-LR 5e-05 - eps 1e-08 - ACT - softmax  eval-20210829-152820   \n",
      "0  B12-E6-H768-LR 5e-05 - eps 1e-08 - ACT - softmax  eval-20210829-081353   \n",
      "\n",
      "                    weights  \n",
      "0  1.0, 0.9, 0.85, 3.0, 0.8  \n",
      "0  1.0, 0.9, 0.85, 3.0, 0.8  \n",
      "0  1.0, 0.9, 0.85, 3.0, 0.8  \n",
      "0  1.0, 0.9, 0.85, 3.0, 0.8  \n",
      "0  1.0, 0.9, 0.85, 3.0, 0.8  \n",
      "0  1.0, 0.9, 0.85, 3.0, 0.8  \n",
      "0  1.0, 0.9, 0.85, 3.0, 0.8  \n",
      "0  1.0, 0.9, 0.85, 3.0, 0.8  \n",
      "0  1.0, 0.9, 0.85, 3.0, 0.8  \n",
      "0  1.0, 0.9, 0.85, 3.0, 0.8  \n",
      "0  1.0, 0.9, 0.85, 3.0, 0.8  \n",
      "0  1.0, 0.9, 0.85, 3.0, 0.8  \n",
      "0  1.0, 0.9, 0.85, 3.0, 0.8  \n",
      "0  1.0, 0.9, 0.85, 3.0, 0.8  \n",
      "0  1.0, 0.9, 0.85, 3.0, 0.8  \n",
      "0  1.0, 0.9, 0.85, 3.0, 0.8  \n",
      "0  1.0, 0.9, 0.85, 3.0, 0.8  \n",
      "0  1.0, 0.9, 0.85, 3.0, 0.8  \n",
      "0  1.0, 0.9, 0.85, 3.0, 0.8  \n",
      "0  1.0, 0.9, 0.85, 3.0, 0.8  \n",
      "0  1.0, 0.9, 0.85, 3.0, 0.8  \n",
      "0  1.0, 0.9, 0.85, 3.0, 0.8  \n",
      "0  1.0, 0.9, 0.85, 3.0, 0.8  \n",
      "0  1.0, 0.9, 0.85, 3.0, 0.8  \n",
      "0  1.0, 0.9, 0.85, 3.0, 0.8  \n",
      "Action accuracy order\n",
      "   action_accuracy  action_perplexity  attribute_accuracy  \\\n",
      "0         0.860478           4.535673            0.805089   \n",
      "0         0.859737           4.284719            0.798813   \n",
      "0         0.858440           4.623870            0.804268   \n",
      "0         0.858255           4.283419            0.803142   \n",
      "0         0.857143           4.635254            0.797092   \n",
      "0         0.857143           4.570284            0.795883   \n",
      "0         0.857143           4.464701            0.799848   \n",
      "0         0.856958           4.200914            0.799446   \n",
      "0         0.856587           4.340371            0.790465   \n",
      "0         0.856587           4.399322            0.801858   \n",
      "0         0.856587           4.593089            0.792096   \n",
      "0         0.855661           4.323701            0.789262   \n",
      "0         0.855290           4.365465            0.797576   \n",
      "0         0.855290           4.366705            0.795873   \n",
      "0         0.854734           4.474032            0.800208   \n",
      "0         0.854549           4.531001            0.800184   \n",
      "0         0.854364           4.480988            0.801401   \n",
      "0         0.854364           4.626762            0.793139   \n",
      "0         0.854178           4.707363            0.794481   \n",
      "0         0.854178           4.380371            0.789539   \n",
      "0         0.854178           4.447966            0.793049   \n",
      "0         0.853622           4.152028            0.795476   \n",
      "0         0.852140           4.582262            0.784070   \n",
      "0         0.851955           5.091894            0.789409   \n",
      "0         0.851584           4.428542            0.793953   \n",
      "\n",
      "                                    confusion_matrix  \\\n",
      "0  [[756.0, 48.0, 8.0, 4.0, 12.0], [17.0, 1030.0,...   \n",
      "0  [[744.0, 43.0, 9.0, 3.0, 12.0], [29.0, 1046.0,...   \n",
      "0  [[739.0, 47.0, 7.0, 5.0, 16.0], [32.0, 1044.0,...   \n",
      "0  [[743.0, 48.0, 10.0, 3.0, 14.0], [31.0, 1038.0...   \n",
      "0  [[748.0, 46.0, 9.0, 4.0, 16.0], [26.0, 1038.0,...   \n",
      "0  [[743.0, 52.0, 6.0, 4.0, 18.0], [28.0, 1039.0,...   \n",
      "0  [[746.0, 48.0, 10.0, 3.0, 12.0], [28.0, 1041.0...   \n",
      "0  [[741.0, 45.0, 9.0, 2.0, 12.0], [31.0, 1040.0,...   \n",
      "0  [[743.0, 47.0, 11.0, 2.0, 14.0], [29.0, 1054.0...   \n",
      "0  [[746.0, 49.0, 7.0, 4.0, 11.0], [25.0, 1028.0,...   \n",
      "0  [[748.0, 47.0, 9.0, 2.0, 13.0], [28.0, 1057.0,...   \n",
      "0  [[740.0, 42.0, 9.0, 2.0, 10.0], [33.0, 1056.0,...   \n",
      "0  [[742.0, 46.0, 6.0, 3.0, 14.0], [27.0, 1039.0,...   \n",
      "0  [[744.0, 47.0, 7.0, 3.0, 12.0], [25.0, 1033.0,...   \n",
      "0  [[740.0, 46.0, 10.0, 4.0, 12.0], [34.0, 1029.0...   \n",
      "0  [[743.0, 50.0, 13.0, 4.0, 14.0], [25.0, 1037.0...   \n",
      "0  [[740.0, 44.0, 9.0, 3.0, 12.0], [29.0, 1027.0,...   \n",
      "0  [[746.0, 50.0, 11.0, 3.0, 12.0], [28.0, 1037.0...   \n",
      "0  [[745.0, 48.0, 10.0, 2.0, 13.0], [27.0, 1046.0...   \n",
      "0  [[743.0, 47.0, 10.0, 3.0, 16.0], [28.0, 1049.0...   \n",
      "0  [[747.0, 48.0, 10.0, 3.0, 17.0], [26.0, 1044.0...   \n",
      "0  [[741.0, 45.0, 10.0, 3.0, 10.0], [30.0, 1041.0...   \n",
      "0  [[741.0, 47.0, 8.0, 3.0, 17.0], [31.0, 1043.0,...   \n",
      "0  [[742.0, 43.0, 11.0, 3.0, 16.0], [31.0, 1034.0...   \n",
      "0  [[730.0, 43.0, 8.0, 3.0, 10.0], [41.0, 1052.0,...   \n",
      "\n",
      "                                           category              filename  \\\n",
      "0  B12-E6-H768-LR 5e-05 - eps 1e-08 - ACT - softmax  eval-20210829-034246   \n",
      "0  B12-E6-H768-LR 5e-05 - eps 1e-08 - ACT - softmax  eval-20210829-071940   \n",
      "0  B12-E6-H768-LR 5e-05 - eps 1e-08 - ACT - softmax  eval-20210829-143402   \n",
      "0  B12-E6-H768-LR 5e-05 - eps 1e-08 - ACT - softmax  eval-20210829-043659   \n",
      "0  B12-E6-H768-LR 5e-05 - eps 1e-08 - ACT - softmax  eval-20210829-100232   \n",
      "0  B12-E6-H768-LR 5e-05 - eps 1e-08 - ACT - softmax  eval-20210829-005150   \n",
      "0  B12-E6-H768-LR 5e-05 - eps 1e-08 - ACT - softmax  eval-20210829-124525   \n",
      "0  B12-E6-H768-LR 5e-05 - eps 1e-08 - ACT - softmax  eval-20210829-152820   \n",
      "0  B12-E6-H768-LR 5e-05 - eps 1e-08 - ACT - softmax  eval-20210829-020150   \n",
      "0  B12-E6-H768-LR 5e-05 - eps 1e-08 - ACT - softmax  eval-20210829-030215   \n",
      "0  B12-E6-H768-LR 5e-05 - eps 1e-08 - ACT - softmax  eval-20210829-015417   \n",
      "0  B12-E6-H768-LR 5e-05 - eps 1e-08 - ACT - softmax  eval-20210829-095513   \n",
      "0  B12-E6-H768-LR 5e-05 - eps 1e-08 - ACT - softmax  eval-20210828-173521   \n",
      "0  B12-E6-H768-LR 5e-05 - eps 1e-08 - ACT - softmax  eval-20210829-081353   \n",
      "0  B12-E6-H768-LR 5e-05 - eps 1e-08 - ACT - softmax  eval-20210829-053113   \n",
      "0  B12-E6-H768-LR 5e-05 - eps 1e-08 - ACT - softmax  eval-20210828-203152   \n",
      "0  B12-E6-H768-LR 5e-05 - eps 1e-08 - ACT - softmax  eval-20210829-010001   \n",
      "0  B12-E6-H768-LR 5e-05 - eps 1e-08 - ACT - softmax  eval-20210829-105649   \n",
      "0  B12-E6-H768-LR 5e-05 - eps 1e-08 - ACT - softmax  eval-20210829-133944   \n",
      "0  B12-E6-H768-LR 5e-05 - eps 1e-08 - ACT - softmax  eval-20210828-224851   \n",
      "0  B12-E6-H768-LR 5e-05 - eps 1e-08 - ACT - softmax  eval-20210829-090811   \n",
      "0  B12-E6-H768-LR 5e-05 - eps 1e-08 - ACT - softmax  eval-20210829-062526   \n",
      "0  B12-E6-H768-LR 5e-05 - eps 1e-08 - ACT - softmax  eval-20210829-115107   \n",
      "0  B12-E6-H768-LR 5e-05 - eps 1e-08 - ACT - softmax  eval-20210829-024831   \n",
      "0  B12-E6-H768-LR 5e-05 - eps 1e-08 - ACT - softmax  eval-20210829-085441   \n",
      "\n",
      "                    weights  \n",
      "0  1.0, 0.9, 0.85, 3.0, 0.8  \n",
      "0  1.0, 0.9, 0.85, 3.0, 0.8  \n",
      "0  1.0, 0.9, 0.85, 3.0, 0.8  \n",
      "0  1.0, 0.9, 0.85, 3.0, 0.8  \n",
      "0  1.0, 0.9, 0.85, 3.0, 0.8  \n",
      "0  1.0, 0.9, 0.85, 3.0, 0.8  \n",
      "0  1.0, 0.9, 0.85, 3.0, 0.8  \n",
      "0  1.0, 0.9, 0.85, 3.0, 0.8  \n",
      "0  1.0, 0.9, 0.85, 3.0, 0.8  \n",
      "0  1.0, 0.9, 0.85, 3.0, 0.8  \n",
      "0  1.0, 0.9, 0.85, 3.0, 0.8  \n",
      "0  1.0, 0.9, 0.85, 3.0, 0.8  \n",
      "0  1.0, 0.9, 0.85, 3.0, 0.8  \n",
      "0  1.0, 0.9, 0.85, 3.0, 0.8  \n",
      "0  1.0, 0.9, 0.85, 3.0, 0.8  \n",
      "0  1.0, 0.9, 0.85, 3.0, 0.8  \n",
      "0  1.0, 0.9, 0.85, 3.0, 0.8  \n",
      "0  1.0, 0.9, 0.85, 3.0, 0.8  \n",
      "0  1.0, 0.9, 0.85, 3.0, 0.8  \n",
      "0  1.0, 0.9, 0.85, 3.0, 0.8  \n",
      "0  1.0, 0.9, 0.85, 3.0, 0.8  \n",
      "0  1.0, 0.9, 0.85, 3.0, 0.8  \n",
      "0  1.0, 0.9, 0.85, 3.0, 0.8  \n",
      "0  1.0, 0.9, 0.85, 3.0, 0.8  \n",
      "0  1.0, 0.9, 0.85, 3.0, 0.8  \n",
      "Attribute accuracy order\n",
      "   action_accuracy  action_perplexity  attribute_accuracy  \\\n",
      "0         0.860478           4.535673            0.805089   \n",
      "0         0.858440           4.623870            0.804268   \n",
      "0         0.858255           4.283419            0.803142   \n",
      "0         0.856587           4.399322            0.801858   \n",
      "0         0.854364           4.480988            0.801401   \n",
      "0         0.854734           4.474032            0.800208   \n",
      "0         0.854549           4.531001            0.800184   \n",
      "0         0.857143           4.464701            0.799848   \n",
      "0         0.856958           4.200914            0.799446   \n",
      "0         0.859737           4.284719            0.798813   \n",
      "0         0.855290           4.365465            0.797576   \n",
      "0         0.857143           4.635254            0.797092   \n",
      "0         0.857143           4.570284            0.795883   \n",
      "0         0.855290           4.366705            0.795873   \n",
      "0         0.853622           4.152028            0.795476   \n",
      "0         0.854178           4.707363            0.794481   \n",
      "0         0.851584           4.428542            0.793953   \n",
      "0         0.854364           4.626762            0.793139   \n",
      "0         0.854178           4.447966            0.793049   \n",
      "0         0.856587           4.593089            0.792096   \n",
      "0         0.856587           4.340371            0.790465   \n",
      "0         0.854178           4.380371            0.789539   \n",
      "0         0.851955           5.091894            0.789409   \n",
      "0         0.855661           4.323701            0.789262   \n",
      "0         0.852140           4.582262            0.784070   \n",
      "\n",
      "                                    confusion_matrix  \\\n",
      "0  [[756.0, 48.0, 8.0, 4.0, 12.0], [17.0, 1030.0,...   \n",
      "0  [[739.0, 47.0, 7.0, 5.0, 16.0], [32.0, 1044.0,...   \n",
      "0  [[743.0, 48.0, 10.0, 3.0, 14.0], [31.0, 1038.0...   \n",
      "0  [[746.0, 49.0, 7.0, 4.0, 11.0], [25.0, 1028.0,...   \n",
      "0  [[740.0, 44.0, 9.0, 3.0, 12.0], [29.0, 1027.0,...   \n",
      "0  [[740.0, 46.0, 10.0, 4.0, 12.0], [34.0, 1029.0...   \n",
      "0  [[743.0, 50.0, 13.0, 4.0, 14.0], [25.0, 1037.0...   \n",
      "0  [[746.0, 48.0, 10.0, 3.0, 12.0], [28.0, 1041.0...   \n",
      "0  [[741.0, 45.0, 9.0, 2.0, 12.0], [31.0, 1040.0,...   \n",
      "0  [[744.0, 43.0, 9.0, 3.0, 12.0], [29.0, 1046.0,...   \n",
      "0  [[742.0, 46.0, 6.0, 3.0, 14.0], [27.0, 1039.0,...   \n",
      "0  [[748.0, 46.0, 9.0, 4.0, 16.0], [26.0, 1038.0,...   \n",
      "0  [[743.0, 52.0, 6.0, 4.0, 18.0], [28.0, 1039.0,...   \n",
      "0  [[744.0, 47.0, 7.0, 3.0, 12.0], [25.0, 1033.0,...   \n",
      "0  [[741.0, 45.0, 10.0, 3.0, 10.0], [30.0, 1041.0...   \n",
      "0  [[745.0, 48.0, 10.0, 2.0, 13.0], [27.0, 1046.0...   \n",
      "0  [[730.0, 43.0, 8.0, 3.0, 10.0], [41.0, 1052.0,...   \n",
      "0  [[746.0, 50.0, 11.0, 3.0, 12.0], [28.0, 1037.0...   \n",
      "0  [[747.0, 48.0, 10.0, 3.0, 17.0], [26.0, 1044.0...   \n",
      "0  [[748.0, 47.0, 9.0, 2.0, 13.0], [28.0, 1057.0,...   \n",
      "0  [[743.0, 47.0, 11.0, 2.0, 14.0], [29.0, 1054.0...   \n",
      "0  [[743.0, 47.0, 10.0, 3.0, 16.0], [28.0, 1049.0...   \n",
      "0  [[742.0, 43.0, 11.0, 3.0, 16.0], [31.0, 1034.0...   \n",
      "0  [[740.0, 42.0, 9.0, 2.0, 10.0], [33.0, 1056.0,...   \n",
      "0  [[741.0, 47.0, 8.0, 3.0, 17.0], [31.0, 1043.0,...   \n",
      "\n",
      "                                           category              filename  \\\n",
      "0  B12-E6-H768-LR 5e-05 - eps 1e-08 - ACT - softmax  eval-20210829-034246   \n",
      "0  B12-E6-H768-LR 5e-05 - eps 1e-08 - ACT - softmax  eval-20210829-143402   \n",
      "0  B12-E6-H768-LR 5e-05 - eps 1e-08 - ACT - softmax  eval-20210829-043659   \n",
      "0  B12-E6-H768-LR 5e-05 - eps 1e-08 - ACT - softmax  eval-20210829-030215   \n",
      "0  B12-E6-H768-LR 5e-05 - eps 1e-08 - ACT - softmax  eval-20210829-010001   \n",
      "0  B12-E6-H768-LR 5e-05 - eps 1e-08 - ACT - softmax  eval-20210829-053113   \n",
      "0  B12-E6-H768-LR 5e-05 - eps 1e-08 - ACT - softmax  eval-20210828-203152   \n",
      "0  B12-E6-H768-LR 5e-05 - eps 1e-08 - ACT - softmax  eval-20210829-124525   \n",
      "0  B12-E6-H768-LR 5e-05 - eps 1e-08 - ACT - softmax  eval-20210829-152820   \n",
      "0  B12-E6-H768-LR 5e-05 - eps 1e-08 - ACT - softmax  eval-20210829-071940   \n",
      "0  B12-E6-H768-LR 5e-05 - eps 1e-08 - ACT - softmax  eval-20210828-173521   \n",
      "0  B12-E6-H768-LR 5e-05 - eps 1e-08 - ACT - softmax  eval-20210829-100232   \n",
      "0  B12-E6-H768-LR 5e-05 - eps 1e-08 - ACT - softmax  eval-20210829-005150   \n",
      "0  B12-E6-H768-LR 5e-05 - eps 1e-08 - ACT - softmax  eval-20210829-081353   \n",
      "0  B12-E6-H768-LR 5e-05 - eps 1e-08 - ACT - softmax  eval-20210829-062526   \n",
      "0  B12-E6-H768-LR 5e-05 - eps 1e-08 - ACT - softmax  eval-20210829-133944   \n",
      "0  B12-E6-H768-LR 5e-05 - eps 1e-08 - ACT - softmax  eval-20210829-085441   \n",
      "0  B12-E6-H768-LR 5e-05 - eps 1e-08 - ACT - softmax  eval-20210829-105649   \n",
      "0  B12-E6-H768-LR 5e-05 - eps 1e-08 - ACT - softmax  eval-20210829-090811   \n",
      "0  B12-E6-H768-LR 5e-05 - eps 1e-08 - ACT - softmax  eval-20210829-015417   \n",
      "0  B12-E6-H768-LR 5e-05 - eps 1e-08 - ACT - softmax  eval-20210829-020150   \n",
      "0  B12-E6-H768-LR 5e-05 - eps 1e-08 - ACT - softmax  eval-20210828-224851   \n",
      "0  B12-E6-H768-LR 5e-05 - eps 1e-08 - ACT - softmax  eval-20210829-024831   \n",
      "0  B12-E6-H768-LR 5e-05 - eps 1e-08 - ACT - softmax  eval-20210829-095513   \n",
      "0  B12-E6-H768-LR 5e-05 - eps 1e-08 - ACT - softmax  eval-20210829-115107   \n",
      "\n",
      "                    weights  \n",
      "0  1.0, 0.9, 0.85, 3.0, 0.8  \n",
      "0  1.0, 0.9, 0.85, 3.0, 0.8  \n",
      "0  1.0, 0.9, 0.85, 3.0, 0.8  \n",
      "0  1.0, 0.9, 0.85, 3.0, 0.8  \n",
      "0  1.0, 0.9, 0.85, 3.0, 0.8  \n",
      "0  1.0, 0.9, 0.85, 3.0, 0.8  \n",
      "0  1.0, 0.9, 0.85, 3.0, 0.8  \n",
      "0  1.0, 0.9, 0.85, 3.0, 0.8  \n",
      "0  1.0, 0.9, 0.85, 3.0, 0.8  \n",
      "0  1.0, 0.9, 0.85, 3.0, 0.8  \n",
      "0  1.0, 0.9, 0.85, 3.0, 0.8  \n",
      "0  1.0, 0.9, 0.85, 3.0, 0.8  \n",
      "0  1.0, 0.9, 0.85, 3.0, 0.8  \n",
      "0  1.0, 0.9, 0.85, 3.0, 0.8  \n",
      "0  1.0, 0.9, 0.85, 3.0, 0.8  \n",
      "0  1.0, 0.9, 0.85, 3.0, 0.8  \n",
      "0  1.0, 0.9, 0.85, 3.0, 0.8  \n",
      "0  1.0, 0.9, 0.85, 3.0, 0.8  \n",
      "0  1.0, 0.9, 0.85, 3.0, 0.8  \n",
      "0  1.0, 0.9, 0.85, 3.0, 0.8  \n",
      "0  1.0, 0.9, 0.85, 3.0, 0.8  \n",
      "0  1.0, 0.9, 0.85, 3.0, 0.8  \n",
      "0  1.0, 0.9, 0.85, 3.0, 0.8  \n",
      "0  1.0, 0.9, 0.85, 3.0, 0.8  \n",
      "0  1.0, 0.9, 0.85, 3.0, 0.8  \n",
      "Order by act_acc+att_acc-act_per\n",
      "   action_accuracy  action_perplexity  attribute_accuracy  \\\n",
      "0         0.854178           4.380371            0.789539   \n",
      "0         0.856587           4.593089            0.792096   \n",
      "0         0.857143           4.570284            0.795883   \n",
      "0         0.855661           4.323701            0.789262   \n",
      "0         0.858440           4.623870            0.804268   \n",
      "0         0.854549           4.531001            0.800184   \n",
      "0         0.854364           4.480988            0.801401   \n",
      "0         0.859737           4.284719            0.798813   \n",
      "0         0.854178           4.447966            0.793049   \n",
      "0         0.857143           4.635254            0.797092   \n",
      "0         0.856587           4.399322            0.801858   \n",
      "0         0.858255           4.283419            0.803142   \n",
      "0         0.852140           4.582262            0.784070   \n",
      "0         0.853622           4.152028            0.795476   \n",
      "0         0.857143           4.464701            0.799848   \n",
      "0         0.860478           4.535673            0.805089   \n",
      "0         0.851955           5.091894            0.789409   \n",
      "0         0.856587           4.340371            0.790465   \n",
      "0         0.854734           4.474032            0.800208   \n",
      "0         0.854178           4.707363            0.794481   \n",
      "0         0.854364           4.626762            0.793139   \n",
      "0         0.855290           4.365465            0.797576   \n",
      "0         0.851584           4.428542            0.793953   \n",
      "0         0.856958           4.200914            0.799446   \n",
      "0         0.855290           4.366705            0.795873   \n",
      "\n",
      "                                    confusion_matrix  \\\n",
      "0  [[743.0, 47.0, 10.0, 3.0, 16.0], [28.0, 1049.0...   \n",
      "0  [[748.0, 47.0, 9.0, 2.0, 13.0], [28.0, 1057.0,...   \n",
      "0  [[743.0, 52.0, 6.0, 4.0, 18.0], [28.0, 1039.0,...   \n",
      "0  [[740.0, 42.0, 9.0, 2.0, 10.0], [33.0, 1056.0,...   \n",
      "0  [[739.0, 47.0, 7.0, 5.0, 16.0], [32.0, 1044.0,...   \n",
      "0  [[743.0, 50.0, 13.0, 4.0, 14.0], [25.0, 1037.0...   \n",
      "0  [[740.0, 44.0, 9.0, 3.0, 12.0], [29.0, 1027.0,...   \n",
      "0  [[744.0, 43.0, 9.0, 3.0, 12.0], [29.0, 1046.0,...   \n",
      "0  [[747.0, 48.0, 10.0, 3.0, 17.0], [26.0, 1044.0...   \n",
      "0  [[748.0, 46.0, 9.0, 4.0, 16.0], [26.0, 1038.0,...   \n",
      "0  [[746.0, 49.0, 7.0, 4.0, 11.0], [25.0, 1028.0,...   \n",
      "0  [[743.0, 48.0, 10.0, 3.0, 14.0], [31.0, 1038.0...   \n",
      "0  [[741.0, 47.0, 8.0, 3.0, 17.0], [31.0, 1043.0,...   \n",
      "0  [[741.0, 45.0, 10.0, 3.0, 10.0], [30.0, 1041.0...   \n",
      "0  [[746.0, 48.0, 10.0, 3.0, 12.0], [28.0, 1041.0...   \n",
      "0  [[756.0, 48.0, 8.0, 4.0, 12.0], [17.0, 1030.0,...   \n",
      "0  [[742.0, 43.0, 11.0, 3.0, 16.0], [31.0, 1034.0...   \n",
      "0  [[743.0, 47.0, 11.0, 2.0, 14.0], [29.0, 1054.0...   \n",
      "0  [[740.0, 46.0, 10.0, 4.0, 12.0], [34.0, 1029.0...   \n",
      "0  [[745.0, 48.0, 10.0, 2.0, 13.0], [27.0, 1046.0...   \n",
      "0  [[746.0, 50.0, 11.0, 3.0, 12.0], [28.0, 1037.0...   \n",
      "0  [[742.0, 46.0, 6.0, 3.0, 14.0], [27.0, 1039.0,...   \n",
      "0  [[730.0, 43.0, 8.0, 3.0, 10.0], [41.0, 1052.0,...   \n",
      "0  [[741.0, 45.0, 9.0, 2.0, 12.0], [31.0, 1040.0,...   \n",
      "0  [[744.0, 47.0, 7.0, 3.0, 12.0], [25.0, 1033.0,...   \n",
      "\n",
      "                                           category              filename  \\\n",
      "0  B12-E6-H768-LR 5e-05 - eps 1e-08 - ACT - softmax  eval-20210828-224851   \n",
